Width 6
Height 12

0.0   0.0   0.0    1.0 0.0 0.0 
0.5   0.0   0.0    1.0 0.0 0.0
0.43  0.24  0.0    1.0 0.0 0.0

0.0   0.0   0.0    1.0 0.0 0.0
0.43  0.24  0.0    1.0 0.0 0.0
0.25  0.43  0.0    1.0 0.0 0.0

0.0   0.0   0.0    1.0 0.0 0.0
0.25  0.43  0.0    1.0 0.0 0.0
0.0003 0.5  0.0    1.0 0.0 0.0

0.0   0.0   0.0    1.0 0.0 0.0
0.0003 0.5  0.0    1.0 0.0 0.0
-0.24 0.43 0.0     1.0 0.0 0.0

0.0   0.0   0.0    1.0 0.0 0.0
-0.24 0.43 0.0     1.0 0.0 0.0
-0.43 0.25  0.0    1.0 0.0 0.0

0.0   0.0   0.0    1.0 0.0 0.0
-0.43 0.25  0.0    1.0 0.0 0.0
-0.49 0.0007 0.0   1.0 0.0 0.0

0.0   0.0   0.0    1.0 0.0 0.0
-0.49 0.0007 0.0   1.0 0.0 0.0
-0.43 -0.24 0.0    1.0 0.0 0.0

0.0   0.0   0.0    1.0 0.0 0.0
-0.43 -0.24 0.0    1.0 0.0 0.0
-0.25 -0.43 0.0    1.0 0.0 0.0

0.0   0.0   0.0    1.0 0.0 0.0
-0.25 -0.43 0.0    1.0 0.0 0.0
-0.001 -0.49 0.0   1.0 0.0 0.0

0.0   0.0   0.0    1.0 0.0 0.0
-0.001 -0.49 0.0   1.0 0.0 0.0
0.24 -0.43 0.0     1.0 0.0 0.0

0.0   0.0   0.0    1.0 0.0 0.0
0.24 -0.43 0.0     1.0 0.0 0.0
0.43 -0.25 0.0     1.0 0.0 0.0

0.0   0.0   0.0    1.0 0.0 0.0
0.43 -0.25  0.0     1.0 0.0 0.0
0.49 -0.0015 0.0   1.0 0.0 0.0
